1,0.000000,4576,I
0,0.042000,4670,P
0,0.083000,4809,P
0,0.125000,4832,P
0,0.167000,4874,P
0,0.209000,4897,P
0,0.250000,4961,P
0,0.292000,4984,P
0,0.334000,5122,P
0,0.375000,5186,P
0,0.417000,5368,P
0,0.459000,5487,P
0,0.501000,5625,P
0,0.542000,5744,P
0,0.584000,5904,P
0,0.626000,6023,P
0,0.667000,6161,P
0,0.709000,6280,P
0,0.751000,6508,P
0,0.792000,6627,P
0,0.834000,6765,P
0,0.876000,6884,P
0,0.918000,7044,P
0,0.959000,7163,P
0,1.001000,7301,P
0,1.043000,7420,P
0,1.084000,7602,P
0,1.126000,7721,P
0,1.168000,7859,P
0,1.210000,7978,P
0,1.251000,8138,P
0,1.293000,8257,P
0,1.335000,8340,P
0,1.376000,8459,P
0,1.418000,8686,P
0,1.460000,8805,P
0,1.502000,8943,P
0,1.543000,9062,P
0,1.585000,9222,P
0,1.627000,9341,P
0,1.668000,9479,P
0,1.710000,9598,P
0,1.752000,9780,P
0,1.793000,9899,P
0,1.835000,10037,P
0,1.877000,10156,P
0,1.919000,10316,P
0,1.960000,10435,P
0,2.002000,10573,P
0,2.044000,10692,P
0,2.085000,10919,P
0,2.127000,11038,P
0,2.169000,11176,P
0,2.211000,11295,P
0,2.252000,11400,P
0,2.294000,11519,P
0,2.336000,11657,P
0,2.377000,11776,P
0,2.419000,11958,P
0,2.461000,12077,P
0,2.503000,12215,P
0,2.544000,12334,P
0,2.586000,12494,P
0,2.628000,12613,P
0,2.669000,12751,P
0,2.711000,12870,P
0,2.753000,13096,P
0,2.794000,13215,P
0,2.836000,13353,P
0,2.878000,13472,P
0,2.920000,13632,P
0,2.961000,13751,P
0,3.003000,13889,P
0,3.045000,14008,P
0,3.086000,14190,P
0,3.128000,14309,P
0,3.170000,14447,P
0,3.212000,14514,P
0,3.253000,14955,P
0,3.295000,15632,P
0,3.337000,16110,P
0,3.378000,16577,P
0,3.420000,16932,P
0,3.462000,17423,P
0,3.504000,17910,P
0,3.545000,18400,P
0,3.587000,18925,P
0,3.629000,19534,P
0,3.670000,20097,P
0,3.712000,20579,P
0,3.754000,21135,P
0,3.795000,21609,P
0,3.837000,22092,P
0,3.879000,22544,P
0,3.921000,23017,P
0,3.962000,23475,P
0,4.004000,23937,P
0,4.046000,24377,P
0,4.087000,24940,P
0,4.129000,25363,P
0,4.171000,25842,P
0,4.213000,26681,P
0,4.254000,27414,P
0,4.296000,27877,P
0,4.338000,28346,P
0,4.379000,28569,P
0,4.421000,29062,P
0,4.463000,29485,P
0,4.505000,29942,P
0,4.546000,30414,P
0,4.588000,30939,P
0,4.630000,31434,P
0,4.671000,31943,P
0,4.713000,32699,P
0,4.755000,33579,P
0,4.796000,34065,P
0,4.838000,34560,P
0,4.880000,35041,P
0,4.922000,35554,P
0,4.963000,36049,P
0,5.005000,36557,P
0,5.047000,37028,P
0,5.088000,37565,P
0,5.130000,38034,P
0,5.172000,38510,P
0,5.214000,38957,P
0,5.255000,39419,P
0,5.297000,39858,P
0,5.339000,40324,P
0,5.380000,40770,P
0,5.422000,41326,P
0,5.464000,41777,P
0,5.506000,42244,P
0,5.547000,42478,P
0,5.589000,42977,P
0,5.631000,43406,P
0,5.672000,43834,P
0,5.714000,44231,P
0,5.756000,44699,P
0,5.797000,45100,P
0,5.839000,45532,P
0,5.881000,46013,P
0,5.923000,46530,P
0,5.964000,47013,P
0,6.006000,47505,P
0,6.048000,47994,P
0,6.089000,48568,P
0,6.131000,49068,P
0,6.173000,49578,P
0,6.215000,50074,P
0,6.256000,50619,P
0,6.298000,51111,P
0,6.340000,51647,P
0,6.381000,52144,P
0,6.423000,52465,P
0,6.465000,52971,P
0,6.507000,53500,P
0,6.548000,53987,P
0,6.590000,54537,P
0,6.632000,55058,P
0,6.673000,55562,P
0,6.715000,56056,P
0,6.757000,56665,P
0,6.798000,57167,P
0,6.840000,57689,P
0,6.882000,58194,P
0,6.924000,58730,P
0,6.965000,59221,P
0,7.007000,59737,P
0,7.049000,60229,P
0,7.090000,60796,P
0,7.132000,61359,P
0,7.174000,62066,P
0,7.216000,62531,P
0,7.257000,62805,P
0,7.299000,63273,P
0,7.341000,63773,P
0,7.382000,64250,P
0,7.424000,64851,P
0,7.466000,65339,P
0,7.508000,66177,P
0,7.549000,66665,P
0,7.591000,66954,P
0,7.633000,67430,P
0,7.674000,67927,P
0,7.716000,68395,P
0,7.758000,68913,P
0,7.799000,69342,P
0,7.841000,69804,P
0,7.883000,70254,P
0,7.925000,70748,P
0,7.966000,71179,P
0,8.008000,71862,P
0,8.050000,72523,P
0,8.091000,73146,P
0,8.133000,73713,P
0,8.175000,74583,P
0,8.217000,75044,P
0,8.258000,75534,P
0,8.300000,75980,P
0,8.342000,76461,P
0,8.383000,76704,P
0,8.425000,77247,P
0,8.467000,77697,P
0,8.509000,78173,P
0,8.550000,78638,P
0,8.592000,79164,P
0,8.634000,79629,P
0,8.675000,80088,P
0,8.717000,80526,P
0,8.759000,81175,P
0,8.800000,82031,P
0,8.842000,82906,P
0,8.884000,83506,P
0,8.926000,84091,P
0,8.967000,84681,P
0,9.009000,85203,P
0,9.051000,85901,P
0,9.092000,86481,P
0,9.134000,86964,P
0,9.176000,87463,P
0,9.218000,87953,P
0,9.259000,88500,P
0,9.301000,88996,P
0,9.343000,89488,P
0,9.384000,89971,P
0,9.426000,90567,P
0,9.468000,91036,P
0,9.510000,91507,P
0,9.551000,91751,P
0,9.593000,92244,P
0,9.635000,92707,P
0,9.676000,93163,P
0,9.718000,93623,P
0,9.760000,94157,P
0,9.801000,94614,P
0,9.843000,95077,P
0,9.885000,95515,P
0,9.927000,96034,P
0,9.968000,96525,P
0,10.010000,97041,P
0,10.052000,97536,P
0,10.093000,98108,P
0,10.135000,98597,P
0,10.177000,99077,P
1,10.219000,99542,I
0,10.260000,100096,P
0,10.302000,100702,P
0,10.344000,101182,P
0,10.385000,101677,P
0,10.427000,102150,P
0,10.469000,102673,P
0,10.511000,102905,P
0,10.552000,103402,P
0,10.594000,103876,P
0,10.636000,104427,P
0,10.677000,104907,P
0,10.719000,105407,P
0,10.761000,105886,P
0,10.802000,106392,P
0,10.844000,106856,P
0,10.886000,107345,P
0,10.928000,107821,P
0,10.969000,108407,P
0,11.011000,108860,P
0,11.053000,109344,P
0,11.094000,109805,P
0,11.136000,110318,P
0,11.178000,110788,P
0,11.220000,111293,P
0,11.261000,111770,P
0,11.303000,112328,P
0,11.345000,112812,P
0,11.386000,113324,P
0,11.428000,113570,P
0,11.470000,114074,P
0,11.512000,114555,P
0,11.553000,115061,P
0,11.595000,115549,P
0,11.637000,116153,P
0,11.678000,116631,P
0,11.720000,117139,P
0,11.762000,117608,P
0,11.803000,118135,P
0,11.845000,118608,P
0,11.887000,119112,P
0,11.929000,119591,P
0,11.970000,120119,P
0,12.012000,120592,P
0,12.054000,121099,P
0,12.095000,121587,P
0,12.137000,122098,P
0,12.179000,122565,P
0,12.221000,123059,P
0,12.262000,123541,P
0,12.304000,125022,P
0,12.346000,125484,P
0,12.387000,125738,P
0,12.429000,126206,P
0,12.471000,126732,P
0,12.513000,127203,P
0,12.554000,127703,P
0,12.596000,128152,P
0,12.638000,128699,P
0,12.679000,129159,P
0,12.721000,129649,P
0,12.763000,130112,P
0,12.804000,130824,P
0,12.846000,131278,P
0,12.888000,131860,P
0,12.930000,132311,P
0,12.971000,158424,P
0,13.013000,158871,P
0,13.055000,159401,P
0,13.096000,159824,P
0,13.138000,160652,P
0,13.180000,161061,P
0,13.222000,161557,P
0,13.263000,161763,P
0,13.305000,167596,P
0,13.347000,167997,P
0,13.388000,168784,P
0,13.430000,169175,P
0,13.472000,171260,P
0,13.514000,171652,P
0,13.555000,172561,P
0,13.597000,172964,P
0,13.639000,207389,P
0,13.680000,207756,P
0,13.722000,208704,P
0,13.764000,209069,P
0,13.805000,211403,P
0,13.847000,211752,P
0,13.889000,212511,P
0,13.931000,212871,P
0,13.972000,217223,P
0,14.014000,217576,P
0,14.056000,218479,P
0,14.097000,218843,P
0,14.139000,221306,P
0,14.181000,221691,P
0,14.223000,222530,P
0,14.264000,222911,P
0,14.306000,252643,P
0,14.348000,253029,P
0,14.389000,254317,P
0,14.431000,254733,P
0,14.473000,257510,P
0,14.515000,257919,P
0,14.556000,259126,P
0,14.598000,259540,P
0,14.640000,265239,P
0,14.681000,265654,P
0,14.723000,266810,P
0,14.765000,267201,P
0,14.806000,270201,P
0,14.848000,270597,P
0,14.890000,271789,P
0,14.932000,272190,P
0,14.973000,306483,P
0,15.015000,306905,P
0,15.057000,308143,P
0,15.098000,308568,P
0,15.140000,310909,P
0,15.182000,311330,P
0,15.224000,312422,P
0,15.265000,312833,P
0,15.307000,317953,P
0,15.349000,318373,P
0,15.390000,319336,P
0,15.432000,319759,P
0,15.474000,322407,P
0,15.516000,322827,P
0,15.557000,324010,P
0,15.599000,324465,P
0,15.641000,353464,P
0,15.682000,353899,P
0,15.724000,355098,P
0,15.766000,355552,P
0,15.807000,359779,P
0,15.849000,360229,P
0,15.891000,361751,P
0,15.933000,362206,P
0,15.974000,372573,P
0,16.016000,373010,P
0,16.058000,374646,P
0,16.099000,374876,P
0,16.141000,380135,P
0,16.183000,380593,P
0,16.225000,382691,P
0,16.266000,383138,P
0,16.308000,397292,P
0,16.350000,397734,P
0,16.391000,399314,P
0,16.433000,399761,P
0,16.475000,404326,P
0,16.517000,404755,P
0,16.558000,406974,P
0,16.600000,407427,P
0,16.642000,412450,P
0,16.683000,412898,P
0,16.725000,414699,P
0,16.767000,415156,P
0,16.808000,419077,P
0,16.850000,419511,P
0,16.892000,421793,P
0,16.934000,422251,P
0,16.975000,439551,P
0,17.017000,439989,P
0,17.059000,441827,P
0,17.100000,442282,P
0,17.142000,445775,P
0,17.184000,446224,P
0,17.226000,448167,P
0,17.267000,448609,P
0,17.309000,457861,P
0,17.351000,458305,P
0,17.392000,461177,P
0,17.434000,461607,P
0,17.476000,472164,P
0,17.518000,472595,P
0,17.559000,477075,P
0,17.601000,477502,P
0,17.643000,539107,P
0,17.684000,539548,P
0,17.726000,545183,P
0,17.768000,545613,P
0,17.809000,556372,P
0,17.851000,556803,P
0,17.893000,562999,P
0,17.935000,563218,P
0,17.976000,603554,P
0,18.018000,603973,P
0,18.060000,613653,P
0,18.101000,614093,P
0,18.143000,641980,P
0,18.185000,642418,P
0,18.227000,652068,P
0,18.268000,652512,P
0,18.310000,762862,P
0,18.352000,763312,P
0,18.393000,770270,P
0,18.435000,770702,P
0,18.477000,795731,P
0,18.519000,796182,P
0,18.560000,802596,P
0,18.602000,803025,P
0,18.644000,850101,P
0,18.685000,850519,P
0,18.727000,857007,P
0,18.769000,857450,P
0,18.810000,879915,P
0,18.852000,880139,P
0,18.894000,885740,P
0,18.936000,886170,P
0,18.977000,990943,P
0,19.019000,991373,P
0,19.061000,996311,P
0,19.102000,996742,P
0,19.144000,1016532,P
0,19.186000,1016967,P
0,19.228000,1020829,P
0,19.269000,1021243,P
0,19.311000,1051475,P
0,19.353000,1051899,P
0,19.394000,1056654,P
0,19.436000,1057073,P
0,19.478000,1067403,P
0,19.520000,1067842,P
0,19.561000,1070811,P
0,19.603000,1071251,P
0,19.645000,1142853,P
0,19.686000,1143293,P
0,19.728000,1145480,P
0,19.770000,1145929,P
0,19.811000,1152488,P
0,19.853000,1152929,P
0,19.895000,1154700,P
0,19.937000,1155154,P
0,19.978000,1167858,P
0,20.020000,1168317,P
0,20.062000,1170294,P
0,20.103000,1170738,P
0,20.145000,1175481,P
0,20.187000,1175915,P
0,20.229000,1177416,P
0,20.270000,1177878,P
0,20.312000,1190723,P
0,20.354000,1191170,P
0,20.395000,1192298,P
1,20.437000,1192769,I
0,20.479000,1248838,P
0,20.521000,1285073,P
0,20.562000,1285527,P
0,20.604000,1286514,P
0,20.646000,1286967,P
0,20.687000,1289130,P
0,20.729000,1289576,P
0,20.771000,1290478,P
0,20.812000,1290920,P
0,20.854000,1295180,P
0,20.896000,1295612,P
0,20.938000,1296436,P
0,20.979000,1296882,P
0,21.021000,1298565,P
0,21.063000,1299005,P
0,21.104000,1299710,P
0,21.146000,1300167,P
0,21.188000,1330109,P
0,21.230000,1330547,P
0,21.271000,1331183,P
0,21.313000,1331622,P
0,21.355000,1332879,P
0,21.396000,1333316,P
0,21.438000,1333931,P
0,21.480000,1334372,P
0,21.522000,1336563,P
0,21.563000,1336998,P
0,21.605000,1337615,P
0,21.647000,1337844,P
0,21.688000,1338904,P
0,21.730000,1339352,P
0,21.772000,1339926,P
0,21.813000,1340370,P
0,21.855000,1366740,P
0,21.897000,1367180,P
0,21.939000,1367749,P
0,21.980000,1368172,P
0,22.022000,1369180,P
0,22.064000,1369614,P
0,22.105000,1370186,P
0,22.147000,1370630,P
0,22.189000,1372053,P
0,22.231000,1372505,P
0,22.272000,1373048,P
0,22.314000,1373486,P
0,22.356000,1374209,P
0,22.397000,1374631,P
0,22.439000,1375138,P
0,22.481000,1375575,P
0,22.523000,1393175,P
0,22.564000,1393399,P
0,22.606000,1393923,P
0,22.648000,1394354,P
0,22.689000,1395048,P
0,22.731000,1395473,P
0,22.773000,1395992,P
0,22.814000,1396425,P
0,22.856000,1397395,P
0,22.898000,1397832,P
0,22.940000,1398322,P
0,22.981000,1398766,P
0,23.023000,1399429,P
0,23.065000,1399849,P
0,23.106000,1400344,P
0,23.148000,1400779,P
0,23.190000,1415466,P
0,23.232000,1415900,P
0,23.273000,1416409,P
0,23.315000,1416857,P
0,23.357000,1417499,P
0,23.398000,1417936,P
0,23.440000,1418468,P
0,23.482000,1418907,P
0,23.524000,1419477,P
0,23.565000,1419909,P
0,23.607000,1420413,P
0,23.649000,1420850,P
0,23.690000,1421457,P
0,23.732000,1421888,P
0,23.774000,1422374,P
0,23.815000,1422817,P
0,23.857000,1439004,P
0,23.899000,1439440,P
0,23.941000,1439941,P
0,23.982000,1440402,P
0,24.024000,1441022,P
0,24.066000,1441466,P
0,24.107000,1441969,P
0,24.149000,1442430,P
0,24.191000,1443185,P
0,24.233000,1443623,P
0,24.274000,1444119,P
0,24.316000,1444549,P
0,24.358000,1445199,P
0,24.399000,1445424,P
0,24.441000,1445960,P
0,24.483000,1446401,P
0,24.525000,1458420,P
0,24.566000,1458853,P
0,24.608000,1459373,P
0,24.650000,1459804,P
0,24.691000,1460403,P
0,24.733000,1460834,P
0,24.775000,1461314,P
0,24.816000,1461760,P
0,24.858000,1462481,P
0,24.900000,1462914,P
0,24.942000,1463409,P
0,24.983000,1463846,P
0,25.025000,1464439,P
0,25.067000,1464866,P
0,25.108000,1465353,P
0,25.150000,1465792,P
0,25.192000,1474888,P
0,25.234000,1475337,P
0,25.275000,1475847,P
0,25.317000,1476282,P
0,25.359000,1476666,P
0,25.400000,1477101,P
0,25.442000,1477596,P
0,25.484000,1478035,P
0,25.526000,1479245,P
0,25.567000,1479688,P
0,25.609000,1480187,P
0,25.651000,1480630,P
0,25.692000,1482024,P
0,25.734000,1482458,P
0,25.776000,1482995,P
0,25.817000,1483432,P
0,25.859000,1486275,P
0,25.901000,1486712,P
0,25.943000,1487232,P
0,25.984000,1487668,P
0,26.026000,1488315,P
0,26.068000,1488752,P
0,26.109000,1489253,P
0,26.151000,1489694,P
0,26.193000,1490932,P
0,26.235000,1491362,P
0,26.276000,1491772,P
0,26.318000,1492222,P
0,26.360000,1493205,P
0,26.401000,1493637,P
0,26.443000,1494092,P
0,26.485000,1494524,P
0,26.527000,1495093,P
0,26.568000,1495528,P
0,26.610000,1495982,P
0,26.652000,1496414,P
0,26.693000,1496883,P
0,26.735000,1497325,P
0,26.777000,1497763,P
0,26.818000,1498176,P
0,26.860000,1498674,P
0,26.902000,1499108,P
0,26.944000,1499568,P
0,26.985000,1499993,P
0,27.027000,1500471,P
0,27.069000,1500914,P
0,27.110000,1501364,P
0,27.152000,1501805,P
0,27.194000,1502351,P
0,27.236000,1502565,P
0,27.277000,1503009,P
0,27.319000,1503446,P
0,27.361000,1503918,P
0,27.402000,1504351,P
0,27.444000,1504831,P
0,27.486000,1505270,P
0,27.528000,1505762,P
0,27.569000,1506189,P
0,27.611000,1506659,P
0,27.653000,1507080,P
0,27.694000,1507563,P
0,27.736000,1508003,P
0,27.778000,1508452,P
0,27.819000,1508878,P
0,27.861000,1509463,P
0,27.903000,1509877,P
0,27.945000,1510326,P
0,27.986000,1510775,P
0,28.028000,1511258,P
0,28.070000,1511689,P
0,28.111000,1511923,P
0,28.153000,1512351,P
0,28.195000,1512868,P
0,28.237000,1513288,P
0,28.278000,1513740,P
0,28.320000,1514165,P
0,28.362000,1514651,P
0,28.403000,1515061,P
0,28.445000,1515517,P
0,28.487000,1515950,P
0,28.529000,1524662,P
0,28.570000,1525104,P
0,28.612000,1525591,P
0,28.654000,1526020,P
0,28.695000,1526810,P
0,28.737000,1527239,P
0,28.779000,1527831,P
0,28.820000,1528269,P
0,28.862000,1532163,P
0,28.904000,1532602,P
0,28.946000,1533554,P
0,28.987000,1533975,P
0,29.029000,1537255,P
0,29.071000,1537480,P
0,29.112000,1539015,P
0,29.154000,1539441,P
0,29.196000,1569174,P
0,29.238000,1569612,P
0,29.279000,1571558,P
0,29.321000,1571999,P
0,29.363000,1578175,P
0,29.404000,1578607,P
0,29.446000,1580633,P
0,29.488000,1581050,P
0,29.530000,1590527,P
0,29.571000,1590956,P
0,29.613000,1592895,P
0,29.655000,1593339,P
0,29.696000,1598586,P
0,29.738000,1599026,P
0,29.780000,1601113,P
0,29.821000,1601556,P
0,29.863000,1635765,P
0,29.905000,1636221,P
0,29.947000,1638586,P
0,29.988000,1638797,P
0,30.030000,1644621,P
0,30.072000,1645050,P
0,30.113000,1647328,P
0,30.155000,1647769,P
0,30.197000,1663687,P
0,30.239000,1664113,P
0,30.280000,1666985,P
0,30.322000,1667433,P
0,30.364000,1676452,P
0,30.405000,1676900,P
0,30.447000,1680198,P
0,30.489000,1680628,P
0,30.531000,1706324,P
0,30.572000,1706759,P
0,30.614000,1710758,P
1,30.656000,1711215,I
0,30.697000,1732608,P
0,30.739000,1769488,P
0,30.781000,1769928,P
0,30.822000,1773094,P
0,30.864000,1773542,P
0,30.906000,1783978,P
0,30.948000,1784223,P
0,30.989000,1787715,P
0,31.031000,1788167,P
0,31.073000,1803031,P
0,31.114000,1803464,P
0,31.156000,1807122,P
0,31.198000,1807574,P
0,31.240000,1814842,P
0,31.281000,1815280,P
0,31.323000,1818553,P
0,31.365000,1819003,P
0,31.406000,1856778,P
0,31.448000,1857244,P
0,31.490000,1859483,P
0,31.532000,1859928,P
0,31.573000,1870719,P
0,31.615000,1871170,P
0,31.657000,1876071,P
0,31.698000,1876522,P
0,31.740000,1898694,P
0,31.782000,1899143,P
0,31.823000,1903596,P
0,31.865000,1904053,P
0,31.907000,1918826,P
0,31.949000,1919269,P
0,31.990000,1925437,P
0,32.032000,1925892,P
0,32.074000,1971253,P
0,32.115000,1971705,P
0,32.157000,1976861,P
0,32.199000,1977315,P
0,32.241000,1987668,P
0,32.282000,1988116,P
0,32.324000,1991878,P
0,32.366000,1992333,P
0,32.407000,2013586,P
0,32.449000,2014051,P
0,32.491000,2018878,P
0,32.533000,2019328,P
0,32.574000,2031355,P
0,32.616000,2031800,P
0,32.658000,2036256,P
0,32.699000,2036709,P
0,32.741000,2080194,P
0,32.783000,2080432,P
0,32.824000,2085220,P
0,32.866000,2085683,P
0,32.908000,2096174,P
0,32.950000,2096640,P
0,32.991000,2099588,P
0,33.033000,2100063,P
0,33.075000,2119175,P
0,33.116000,2119644,P
0,33.158000,2123111,P
0,33.200000,2123588,P
0,33.242000,2133419,P
0,33.283000,2133891,P
0,33.325000,2137847,P
0,33.367000,2138305,P
0,33.408000,2203642,P
0,33.450000,2204107,P
0,33.492000,2208563,P
0,33.534000,2209026,P
0,33.575000,2222336,P
0,33.617000,2222784,P
0,33.659000,2227946,P
0,33.700000,2228173,P
0,33.742000,2262177,P
0,33.784000,2262636,P
0,33.825000,2268620,P
0,33.867000,2269065,P
0,33.909000,2285707,P
0,33.951000,2286170,P
0,33.992000,2290790,P
0,34.034000,2291234,P
0,34.076000,2374082,P
0,34.117000,2374542,P
0,34.159000,2378413,P
0,34.201000,2378862,P
0,34.243000,2392610,P
0,34.284000,2393060,P
0,34.326000,2397379,P
0,34.368000,2397831,P
0,34.409000,2429038,P
0,34.451000,2429480,P
0,34.493000,2433446,P
0,34.535000,2433891,P
0,34.576000,2447367,P
0,34.618000,2447820,P
0,34.660000,2451272,P
0,34.701000,2451730,P
0,34.743000,2497038,P
0,34.785000,2497520,P
0,34.826000,2500860,P
0,34.868000,2501323,P
0,34.910000,2512195,P
0,34.952000,2512651,P
0,34.993000,2514804,P
0,35.035000,2515271,P
0,35.077000,2529986,P
0,35.118000,2530442,P
0,35.160000,2532617,P
0,35.202000,2533079,P
0,35.244000,2539093,P
0,35.285000,2539533,P
0,35.327000,2541129,P
0,35.369000,2541603,P
0,35.410000,2580050,P
0,35.452000,2580515,P
0,35.494000,2582481,P
0,35.536000,2582960,P
0,35.577000,2588825,P
0,35.619000,2589291,P
0,35.661000,2591413,P
0,35.702000,2591876,P
0,35.744000,2610572,P
0,35.786000,2611045,P
0,35.827000,2613484,P
0,35.869000,2613950,P
0,35.911000,2622703,P
0,35.953000,2623179,P
0,35.994000,2625815,P
0,36.036000,2626290,P
0,36.078000,2692768,P
0,36.119000,2693249,P
0,36.161000,2696310,P
0,36.203000,2696779,P
0,36.245000,2706135,P
0,36.286000,2706609,P
0,36.328000,2708094,P
0,36.370000,2708576,P
0,36.411000,2732250,P
0,36.453000,2732709,P
0,36.495000,2733968,P
0,36.537000,2734434,P
0,36.578000,2738270,P
0,36.620000,2738739,P
0,36.662000,2739873,P
0,36.703000,2740335,P
0,36.745000,2787199,P
0,36.787000,2787658,P
0,36.828000,2788652,P
0,36.870000,2789112,P
0,36.912000,2791542,P
0,36.954000,2792004,P
0,36.995000,2792931,P
0,37.037000,2793400,P
0,37.079000,2802809,P
0,37.120000,2803275,P
0,37.162000,2804067,P
0,37.204000,2804505,P
0,37.246000,2806410,P
0,37.287000,2806873,P
0,37.329000,2807533,P
0,37.371000,2807992,P
0,37.412000,2836991,P
0,37.454000,2837461,P
0,37.496000,2838729,P
0,37.538000,2839215,P
0,37.579000,2841860,P
0,37.621000,2842330,P
0,37.663000,2843483,P
0,37.704000,2843955,P
0,37.746000,2850127,P
0,37.788000,2850589,P
0,37.829000,2851715,P
0,37.871000,2852182,P
0,37.913000,2853916,P
0,37.955000,2854375,P
0,37.996000,2855442,P
0,38.038000,2855921,P
0,38.080000,2882982,P
0,38.121000,2883455,P
0,38.163000,2884466,P
0,38.205000,2884933,P
0,38.247000,2887177,P
0,38.288000,2887645,P
0,38.330000,2888599,P
0,38.372000,2888840,P
0,38.413000,2892587,P
0,38.455000,2893078,P
0,38.497000,2894048,P
0,38.539000,2894517,P
0,38.580000,2896679,P
0,38.622000,2897148,P
0,38.664000,2898114,P
0,38.705000,2898587,P
0,38.747000,2920774,P
0,38.789000,2921242,P
0,38.830000,2922153,P
0,38.872000,2922642,P
0,38.914000,2924668,P
0,38.956000,2925152,P
0,38.997000,2926052,P
0,39.039000,2926523,P
0,39.081000,2931000,P
0,39.122000,2931479,P
0,39.164000,2932324,P
0,39.206000,2932802,P
0,39.248000,2934387,P
0,39.289000,2934635,P
0,39.331000,2935389,P
0,39.373000,2935867,P
0,39.414000,2950949,P
0,39.456000,2951426,P
0,39.498000,2952141,P
0,39.540000,2952615,P
0,39.581000,2953846,P
0,39.623000,2954335,P
0,39.665000,2955036,P
0,39.706000,2955522,P
0,39.748000,2957696,P
0,39.790000,2958176,P
0,39.831000,2958878,P
0,39.873000,2959366,P
0,39.915000,2960400,P
0,39.957000,2960885,P
0,39.998000,2961506,P
0,40.040000,2961984,P
0,40.082000,2971913,P
0,40.123000,2972417,P
0,40.165000,2973036,P
0,40.207000,2973287,P
0,40.249000,2974136,P
0,40.290000,2974606,P
0,40.332000,2975201,P
0,40.374000,2975682,P
0,40.415000,2976885,P
0,40.457000,2977378,P
0,40.499000,2977969,P
0,40.541000,2978451,P
0,40.582000,2979208,P
0,40.624000,2979696,P
0,40.666000,2980257,P
0,40.707000,2980752,P
0,40.749000,2982853,P
0,40.791000,2983338,P
0,40.832000,2983892,P
1,40.874000,2984382,I
0,40.916000,2994928,P
0,40.958000,3003714,P
0,40.999000,3004214,P
0,41.041000,3004803,P
0,41.083000,3005295,P
0,41.124000,3005789,P
0,41.166000,3006276,P
0,41.208000,3006858,P
0,41.250000,3007362,P
0,41.291000,3008508,P
0,41.333000,3009009,P
0,41.375000,3009576,P
0,41.416000,3010073,P
0,41.458000,3010851,P
0,41.500000,3011338,P
0,41.542000,3011901,P
0,41.583000,3012399,P
0,41.625000,3020161,P
0,41.667000,3020658,P
0,41.708000,3021241,P
0,41.750000,3021734,P
0,41.792000,3022449,P
0,41.833000,3022925,P
0,41.875000,3023510,P
0,41.917000,3024012,P
0,41.959000,3024999,P
0,42.000000,3025505,P
0,42.042000,3026082,P
0,42.084000,3026336,P
0,42.125000,3027030,P
0,42.167000,3027532,P
0,42.209000,3028113,P
0,42.251000,3028619,P
0,42.292000,3035930,P
0,42.334000,3036435,P
0,42.376000,3037014,P
0,42.417000,3037498,P
0,42.459000,3038228,P
0,42.501000,3038728,P
0,42.543000,3039303,P
0,42.584000,3039810,P
0,42.626000,3040838,P
0,42.668000,3041330,P
0,42.709000,3041907,P
0,42.751000,3042403,P
0,42.793000,3043058,P
0,42.834000,3043552,P
0,42.876000,3044121,P
0,42.918000,3044630,P
0,42.960000,3051056,P
0,43.001000,3051321,P
0,43.043000,3051922,P
0,43.085000,3052426,P
0,43.126000,3053138,P
0,43.168000,3053644,P
0,43.210000,3054224,P
0,43.252000,3054721,P
0,43.293000,3055575,P
0,43.335000,3056081,P
0,43.377000,3056656,P
0,43.418000,3057171,P
0,43.460000,3057830,P
0,43.502000,3058319,P
0,43.544000,3058852,P
0,43.585000,3059353,P
0,43.627000,3064707,P
0,43.669000,3065196,P
0,43.710000,3065738,P
0,43.752000,3066210,P
0,43.794000,3066844,P
0,43.835000,3067333,P
0,43.877000,3067885,P
0,43.919000,3068137,P
0,43.961000,3068942,P
0,44.002000,3069436,P
0,44.044000,3069981,P
0,44.086000,3070475,P
0,44.127000,3071110,P
0,44.169000,3071598,P
0,44.211000,3072131,P
0,44.253000,3072612,P
0,44.294000,3073467,P
0,44.336000,3073958,P
0,44.378000,3074565,P
0,44.419000,3075040,P
0,44.461000,3075570,P
0,44.503000,3076060,P
0,44.545000,3076564,P
0,44.586000,3077052,P
0,44.628000,3077597,P
0,44.670000,3078077,P
0,44.711000,3078588,P
0,44.753000,3079085,P
0,44.795000,3079625,P
0,44.836000,3079867,P
0,44.878000,3080369,P
0,44.920000,3080844,P
0,44.962000,3081434,P
0,45.003000,3081910,P
0,45.045000,3082424,P
0,45.087000,3082896,P
0,45.128000,3083417,P
0,45.170000,3083893,P
0,45.212000,3084385,P
0,45.254000,3084866,P
0,45.295000,3085400,P
0,45.337000,3085862,P
0,45.379000,3086356,P
0,45.420000,3086827,P
0,45.462000,3087356,P
0,45.504000,3087837,P
0,45.546000,3088358,P
0,45.587000,3088830,P
0,45.629000,3089427,P
0,45.671000,3089905,P
0,45.712000,3090393,P
0,45.754000,3090868,P
0,45.796000,3091163,P
0,45.837000,3091634,P
0,45.879000,3092145,P
0,45.921000,3092608,P
0,45.963000,3093147,P
0,46.004000,3093596,P
0,46.046000,3094083,P
0,46.088000,3094559,P
0,46.129000,3095073,P
0,46.171000,3095542,P
0,46.213000,3096033,P
0,46.255000,3096496,P
0,46.296000,3097083,P
0,46.338000,3097566,P
0,46.380000,3098063,P
0,46.421000,3098524,P
0,46.463000,3099032,P
0,46.505000,3099485,P
0,46.547000,3099971,P
0,46.588000,3100434,P
0,46.630000,3100964,P
0,46.672000,3101428,P
0,46.713000,3101691,P
0,46.755000,3102151,P
0,46.797000,3102675,P
0,46.838000,3103129,P
0,46.880000,3103607,P
0,46.922000,3104069,P
0,46.964000,3104628,P
0,47.005000,3105087,P
0,47.047000,3105578,P
0,47.089000,3106040,P
0,47.130000,3106552,P
0,47.172000,3107010,P
0,47.214000,3107483,P
0,47.256000,3107936,P
0,47.297000,3108455,P
0,47.339000,3108923,P
0,47.381000,3109405,P
0,47.422000,3109876,P
0,47.464000,3110378,P
0,47.506000,3110843,P
0,47.548000,3111330,P
0,47.589000,3111784,P
0,47.631000,3112130,P
0,47.673000,3112587,P
0,47.714000,3113087,P
0,47.756000,3113556,P
0,47.798000,3114069,P
0,47.839000,3114537,P
0,47.881000,3115041,P
0,47.923000,3115520,P
0,47.965000,3116042,P
0,48.006000,3116507,P
0,48.048000,3116996,P
0,48.090000,3117460,P
0,48.131000,3117966,P
0,48.173000,3118442,P
0,48.215000,3118940,P
0,48.257000,3119407,P
0,48.298000,3120006,P
0,48.340000,3120478,P
0,48.382000,3120968,P
0,48.423000,3121427,P
0,48.465000,3121928,P
0,48.507000,3122397,P
0,48.549000,3122900,P
0,48.590000,3123146,P
0,48.632000,3123699,P
0,48.674000,3124167,P
0,48.715000,3124666,P
0,48.757000,3125130,P
0,48.799000,3125650,P
0,48.840000,3126110,P
0,48.882000,3126603,P
0,48.924000,3127085,P
0,48.966000,3127667,P
0,49.007000,3128135,P
0,49.049000,3128642,P
0,49.091000,3129112,P
0,49.132000,3129627,P
0,49.174000,3130105,P
0,49.216000,3130600,P
0,49.258000,3131072,P
0,49.299000,3131645,P
0,49.341000,3132121,P
0,49.383000,3132603,P
0,49.424000,3133086,P
0,49.466000,3133598,P
0,49.508000,3133846,P
0,49.550000,3134335,P
0,49.591000,3134809,P
0,49.633000,3135395,P
0,49.675000,3135874,P
0,49.716000,3136362,P
0,49.758000,3136821,P
0,49.800000,3137330,P
0,49.841000,3137812,P
0,49.883000,3138314,P
0,49.925000,3138772,P
0,49.967000,3139316,P
0,50.008000,3139781,P
0,50.050000,3140285,P
0,50.092000,3140752,P
0,50.133000,3141292,P
0,50.175000,3141756,P
0,50.217000,3142228,P
0,50.259000,3142700,P
0,50.300000,3143294,P
0,50.342000,3143770,P
0,50.384000,3144272,P
0,50.425000,3144504,P
0,50.467000,3145034,P
0,50.509000,3145521,P
0,50.551000,3146013,P
0,50.592000,3146495,P
0,50.634000,3147047,P
0,50.676000,3147531,P
0,50.717000,3148041,P
0,50.759000,3148523,P
0,50.801000,3149059,P
0,50.842000,3149538,P
0,50.884000,3150056,P
0,50.926000,3150533,P
0,50.968000,3151071,P
0,51.009000,3151556,P
0,51.051000,3152046,P
1,51.093000,3152517,I
0,51.134000,3153065,P
0,51.176000,3153653,P
0,51.218000,3154125,P
0,51.260000,3154624,P
0,51.301000,3155101,P
0,51.343000,3155381,P
0,51.385000,3155844,P
0,51.426000,3156350,P
0,51.468000,3156831,P
0,51.510000,3157384,P
0,51.552000,3157868,P
0,51.593000,3158366,P
0,51.635000,3158862,P
0,51.677000,3159386,P
0,51.718000,3159855,P
0,51.760000,3160362,P
0,51.802000,3160842,P
0,51.843000,3161442,P
0,51.885000,3161933,P
0,51.927000,3162432,P
0,51.969000,3162908,P
0,52.010000,3163436,P
0,52.052000,3163922,P
0,52.094000,3164432,P
0,52.135000,3164902,P
0,52.177000,3165427,P
0,52.219000,3165918,P
0,52.261000,3166421,P
0,52.302000,3166668,P
0,52.344000,3167183,P
0,52.386000,3167657,P
0,52.427000,3168144,P
0,52.469000,3168614,P
0,52.511000,3169205,P
0,52.553000,3169684,P
0,52.594000,3170177,P
0,52.636000,3170644,P
0,52.678000,3171174,P
0,52.719000,3171649,P
0,52.761000,3172153,P
0,52.803000,3172644,P
0,52.844000,3173178,P
0,52.886000,3173655,P
0,52.928000,3174129,P
0,52.970000,3174609,P
0,53.011000,3175136,P
0,53.053000,3175615,P
0,53.095000,3176121,P
0,53.136000,3176607,P
0,53.178000,3177182,P
0,53.220000,3177424,P
0,53.262000,3177910,P
0,53.303000,3178381,P
0,53.345000,3179064,P
0,53.387000,3179613,P
0,53.428000,3180070,P
0,53.470000,3180525,P
0,53.512000,3181256,P
0,53.554000,3181818,P
0,53.595000,3182286,P
0,53.637000,3182707,P
0,53.679000,3183188,P
0,53.720000,3183614,P
0,53.762000,3184067,P
0,53.804000,3184284,P
0,53.845000,3184830,P
0,53.887000,3185270,P
0,53.929000,3186073,P
0,53.971000,3186511,P
0,54.012000,3186992,P
0,54.054000,3187428,P
0,54.096000,3187881,P
0,54.137000,3188306,P
0,54.179000,3188793,P
0,54.221000,3189213,P
0,54.263000,3189684,P
0,54.304000,3190146,P
0,54.346000,3190640,P
0,54.388000,3191081,P
0,54.429000,3191550,P
0,54.471000,3191787,P
0,54.513000,3192359,P
0,54.555000,3192838,P
0,54.596000,3193345,P
0,54.638000,3193820,P
0,54.680000,3194323,P
0,54.721000,3194791,P
0,54.763000,3195289,P
0,54.805000,3195780,P
0,54.846000,3196331,P
0,54.888000,3196794,P
0,54.930000,3197287,P
0,54.972000,3197941,P
0,55.013000,3198441,P
0,55.055000,3198887,P
0,55.097000,3199339,P
0,55.138000,3199802,P
0,55.180000,3200636,P
0,55.222000,3201065,P
0,55.264000,3201504,P
0,55.305000,3201721,P
0,55.347000,3202187,P
0,55.389000,3202948,P
0,55.430000,3203387,P
0,55.472000,3203793,P
0,55.514000,3204273,P
0,55.556000,3204765,P
0,55.597000,3205235,P
0,55.639000,3205647,P
0,55.681000,3206101,P
0,55.722000,3206516,P
0,55.764000,3206957,P
0,55.806000,3207385,P
0,55.847000,3207922,P
0,55.889000,3208345,P
0,55.931000,3208774,P
0,55.973000,3209209,P
0,56.014000,3209660,P
0,56.056000,3210091,P
0,56.098000,3210550,P
0,56.139000,3210986,P
0,56.181000,3211479,P
0,56.223000,3211900,P
0,56.265000,3212479,P
0,56.306000,3212908,P
0,56.348000,3213384,P
0,56.390000,3213816,P
0,56.431000,3214344,P
0,56.473000,3214775,P
0,56.515000,3215320,P
0,56.557000,3215743,P
0,56.598000,3216184,P
0,56.640000,3216575,P
0,56.682000,3217022,P
0,56.723000,3217432,P
0,56.765000,3217868,P
0,56.807000,3218349,P
0,56.848000,3218945,P
0,56.890000,3219395,P
0,56.932000,3219853,P
0,56.974000,3220304,P
0,57.015000,3220797,P
0,57.057000,3221232,P
0,57.099000,3221664,P
0,57.140000,3222112,P
0,57.182000,3222937,P
0,57.224000,3223398,P
0,57.266000,3223888,P
0,57.307000,3224311,P
0,57.349000,3224773,P
0,57.391000,3225167,P
0,57.432000,3225607,P
0,57.474000,3226031,P
0,57.516000,3226540,P
0,57.558000,3226958,P
0,57.599000,3227409,P
0,57.641000,3228038,P
0,57.683000,3228501,P
0,57.724000,3228907,P
0,57.766000,3229336,P
0,57.808000,3229737,P
0,57.849000,3241574,P
0,57.891000,3241983,P
0,57.933000,3242397,P
0,57.975000,3242594,P
0,58.016000,3243039,P
0,58.058000,3243431,P
0,58.100000,3243855,P
0,58.141000,3244257,P
0,58.183000,3246686,P
0,58.225000,3247103,P
0,58.267000,3247735,P
0,58.308000,3248150,P
0,58.350000,3249412,P
0,58.392000,3249819,P
0,58.433000,3250510,P
0,58.475000,3250931,P
0,58.517000,3265407,P
0,58.559000,3265821,P
0,58.600000,3266694,P
0,58.642000,3267121,P
0,58.684000,3268920,P
0,58.725000,3269357,P
0,58.767000,3270272,P
0,58.809000,3270712,P
0,58.850000,3273874,P
0,58.892000,3274085,P
0,58.934000,3275070,P
0,58.976000,3275496,P
0,59.017000,3277762,P
0,59.059000,3278188,P
0,59.101000,3279313,P
0,59.142000,3279736,P
0,59.184000,3330855,P
0,59.226000,3331285,P
0,59.268000,3332318,P
0,59.309000,3332745,P
0,59.351000,3334679,P
0,59.393000,3335105,P
0,59.434000,3336127,P
0,59.476000,3336539,P
0,59.518000,3340510,P
0,59.560000,3340932,P
0,59.601000,3341936,P
0,59.643000,3342369,P
0,59.685000,3345222,P
0,59.726000,3345668,P
0,59.768000,3348934,P
0,59.810000,3349389,P
0,59.851000,3385809,P
0,59.893000,3386269,P
0,59.935000,3387914,P
0,59.977000,3388392,P
0,60.018000,3393225,P
0,60.060000,3393682,P
0,60.102000,3395850,P
0,60.143000,3396280,P
0,60.185000,3410005,P
0,60.227000,3410457,P
0,60.269000,3412627,P
0,60.310000,3413086,P
0,60.352000,3418411,P
0,60.394000,3418885,P
0,60.435000,3421370,P
0,60.477000,3421860,P
0,60.519000,3455216,P
0,60.561000,3455680,P
0,60.602000,3458031,P
0,60.644000,3458505,P
0,60.686000,3464479,P
0,60.727000,3464718,P
0,60.769000,3467164,P
0,60.811000,3467634,P
0,60.852000,3478898,P
0,60.894000,3479384,P
0,60.936000,3481889,P
0,60.978000,3482355,P
0,61.019000,3489414,P
0,61.061000,3489889,P
0,61.103000,3492581,P
0,61.144000,3493053,P
0,61.186000,3508243,P
0,61.228000,3509013,P
0,61.270000,3511817,P
1,61.311000,3512288,I
0,61.353000,3582072,P
0,61.395000,3621897,P
0,61.436000,3622325,P
0,61.478000,3625120,P
0,61.520000,3625863,P
0,61.562000,3632996,P
0,61.603000,3633452,P
0,61.645000,3636208,P
0,61.687000,3636648,P
0,61.728000,3650944,P
0,61.770000,3651384,P
0,61.812000,3654131,P
0,61.853000,3654563,P
0,61.895000,3662238,P
0,61.937000,3662675,P
0,61.979000,3665416,P
0,62.020000,3665847,P
0,62.062000,3739180,P
0,62.104000,3739704,P
0,62.145000,3742546,P
0,62.187000,3742995,P
0,62.229000,3750225,P
0,62.271000,3750760,P
0,62.312000,3754247,P
0,62.354000,3754699,P
0,62.396000,3818400,P
0,62.437000,3818864,P
0,62.479000,3837592,P
0,62.521000,3838075,P
0,62.563000,3881325,P
0,62.604000,3881560,P
0,62.646000,3902030,P
0,62.688000,3902502,P
0,62.729000,4018075,P
0,62.771000,4018545,P
0,62.813000,4038013,P
0,62.854000,4038488,P
0,62.896000,4080126,P
0,62.938000,4080595,P
0,62.980000,4100364,P
0,63.021000,4100821,P
0,63.063000,4166562,P
0,63.105000,4166997,P
0,63.146000,4186877,P
0,63.188000,4187354,P
0,63.230000,4228757,P
0,63.272000,4229207,P
0,63.313000,4249972,P
0,63.355000,4250403,P
0,63.397000,4362250,P
0,63.438000,4362716,P
0,63.480000,4381908,P
0,63.522000,4382354,P
0,63.564000,4421110,P
0,63.605000,4421561,P
0,63.647000,4440485,P
0,63.689000,4441046,P
0,63.730000,4502231,P
0,63.772000,4502715,P
0,63.814000,4521782,P
0,63.855000,4522277,P
0,63.897000,4566266,P
0,63.939000,4566733,P
0,63.981000,4588342,P
0,64.022000,4588792,P
0,64.064000,4716128,P
0,64.106000,4716571,P
0,64.147000,4740417,P
0,64.189000,4740899,P
0,64.231000,4790616,P
0,64.273000,4791085,P
0,64.314000,4815302,P
0,64.356000,4815781,P
0,64.398000,4891138,P
0,64.439000,4891617,P
0,64.481000,4915955,P
0,64.523000,4916436,P
0,64.565000,4966632,P
0,64.606000,4967111,P
0,64.648000,4991551,P
0,64.690000,4992015,P
0,64.731000,5117605,P
0,64.773000,5118068,P
0,64.815000,5134526,P
0,64.856000,5134997,P
0,64.898000,5173948,P
0,64.940000,5174430,P
0,64.982000,5190620,P
0,65.023000,5191077,P
0,65.065000,5254207,P
0,65.107000,5254661,P
0,65.148000,5270349,P
0,65.190000,5270811,P
0,65.232000,5309982,P
0,65.274000,5310443,P
0,65.315000,5328248,P
0,65.357000,5328709,P
0,65.399000,5446265,P
0,65.440000,5446715,P
0,65.482000,5462462,P
0,65.524000,5462926,P
0,65.566000,5498302,P
0,65.607000,5498764,P
0,65.649000,5514416,P
0,65.691000,5514881,P
0,65.732000,5580311,P
0,65.774000,5580776,P
0,65.816000,5599483,P
